# Mon Mar  6 23:31:16 2023
1.000000000000000000e+00,1.700000000101167097e+04,1.314183640014544890e-12
5.000000000000000000e+19,1.683266666767896095e+04,1.405412743684211485e-01
1.000000000000000000e+20,1.570533333434383712e+04,1.730266047767508863e-01
1.500000000000000000e+20,1.508133333434267479e+04,1.954070658548500983e-01
2.000000000000000000e+20,1.465366666767521201e+04,2.130207378258330009e-01
2.500000000000000000e+20,1.433033333434127599e+04,2.277691433969384616e-01
3.000000000000000000e+20,1.407133333434079395e+04,2.405743174459372413e-01
3.500000000000000000e+20,1.385600000100705984e+04,2.519609859805024832e-01
4.000000000000000000e+20,1.367233333434004999e+04,2.622592912909247342e-01
4.500000000000000000e+20,1.351200000100641955e+04,2.716918681412453518e-01
5.000000000000000000e+20,1.337033333433948792e+04,2.804167083986994213e-01
5.500000000000000000e+20,1.324366666767258539e+04,2.885504079891915707e-01
6.000000000000000000e+20,1.312900000100570469e+04,2.961817269056193913e-01
6.500000000000000000e+20,1.302433333433884400e+04,3.033799621749712627e-01
7.000000000000000000e+20,1.292800000100533180e+04,3.102003602514744052e-01
7.500000000000000000e+20,1.283933333433849839e+04,3.166877502902056829e-01
8.000000000000000000e+20,1.275666666767167771e+04,3.228790613044436042e-01
8.500000000000000000e+20,1.267933333433820189e+04,3.288051139347772933e-01
9.000000000000000000e+20,1.260733333433806729e+04,3.344919256115687634e-01
9.500000000000000000e+20,1.253933333433793996e+04,3.399616805425787480e-01
1.000000000000000000e+21,1.247500000100448779e+04,3.452334639426385965e-01
1.050000000000000000e+21,1.241433333433770713e+04,3.503238262214426468e-01
1.100000000000000000e+21,1.235666666767093375e+04,3.552472227397422966e-01
1.150000000000000000e+21,1.230200000100416582e+04,3.600163611234093453e-01
1.200000000000000000e+21,1.224966666767073366e+04,3.646424783900164557e-01
1.250000000000000000e+21,1.219966666767064089e+04,3.691355647118985672e-01
1.300000000000000000e+21,1.215200000100388570e+04,3.735045455261252201e-01
1.350000000000000000e+21,1.210633333433713415e+04,3.777574311118924166e-01
1.400000000000000000e+21,1.206233333433705229e+04,3.819014405310835469e-01
1.450000000000000000e+21,1.202000000100364014e+04,3.859431049731002483e-01
1.500000000000000000e+21,1.197933333433689768e+04,3.898883545134188000e-01
1.550000000000000000e+21,1.194000000100349098e+04,3.937425914000986515e-01
1.600000000000000000e+21,1.190233333433675398e+04,3.975107524881635879e-01
1.650000000000000000e+21,1.186566666767001880e+04,4.011973623191185667e-01
1.700000000000000000e+21,1.183033333433661937e+04,4.048065790924342822e-01
1.750000000000000000e+21,1.179600000100322177e+04,4.083422339793119638e-01
1.800000000000000000e+21,1.176300000100316174e+04,4.118078655021037981e-01
1.850000000000000000e+21,1.173066666766976778e+04,4.152067491621143080e-01
1.900000000000000000e+21,1.169933333433637563e+04,4.185419237003533688e-01
1.950000000000000000e+21,1.166900000100298530e+04,4.218162138392010929e-01
2.000000000000000000e+21,1.163966666766959861e+04,4.250322504204691598e-01
2.050000000000000000e+21,1.161100000100287798e+04,4.281924881598062060e-01
2.100000000000000000e+21,1.158300000100282523e+04,4.312992214945693403e-01
2.150000000000000000e+21,1.155566666766944218e+04,4.343545985381271346e-01
2.200000000000000000e+21,1.152933333433605912e+04,4.373606336253736404e-01
2.250000000000000000e+21,1.150333333433601001e+04,4.403192183272899851e-01
2.300000000000000000e+21,1.147800000100263060e+04,4.432321316682560908e-01
2.350000000000000000e+21,1.145333333433591724e+04,4.461010489983330274e-01
2.400000000000000000e+21,1.142933333433587359e+04,4.489275501141480329e-01
2.450000000000000000e+21,1.140566666766916205e+04,4.517131265302219978e-01
2.500000000000000000e+21,1.138266666766912022e+04,4.544591882348408829e-01
2.550000000000000000e+21,1.136033333433574444e+04,4.571670695452164646e-01
2.600000000000000000e+21,1.133833333433570260e+04,4.598380345704123351e-01
2.650000000000000000e+21,1.131666666766899652e+04,4.624732822587198644e-01
2.700000000000000000e+21,1.129533333433562257e+04,4.650739508510964848e-01
2.750000000000000000e+21,1.127466666766891831e+04,4.676411221072293567e-01
2.800000000000000000e+21,1.125433333433554617e+04,4.701758249006584012e-01
2.850000000000000000e+21,1.123466666766884373e+04,4.726790389060662734e-01
2.900000000000000000e+21,1.121500000100213947e+04,4.751516975232868423e-01
2.950000000000000000e+21,1.119600000100210491e+04,4.775946911350095747e-01
3.000000000000000000e+21,1.117700000100207035e+04,4.800088694443475634e-01
3.050000000000000000e+21,1.115866666766870185e+04,4.823950443067780425e-01
3.100000000000000000e+21,1.114066666766866911e+04,4.847539917028759193e-01
3.150000000000000000e+21,1.112266666766863455e+04,4.870864540336731219e-01
3.200000000000000000e+21,1.110533333433526968e+04,4.893931421492943579e-01
3.250000000000000000e+21,1.108800000100190300e+04,4.916747369323213879e-01
3.300000000000000000e+21,1.107100000100187208e+04,4.939318912316142396e-01
3.350000000000000000e+21,1.105433333433517510e+04,4.961652313035928019e-01
3.400000000000000000e+21,1.103800000100181023e+04,4.983753582934563608e-01
3.450000000000000000e+21,1.102200000100178113e+04,5.005628495917001652e-01
3.500000000000000000e+21,1.100600000100175021e+04,5.027282600578995009e-01
3.550000000000000000e+21,1.099066666766838898e+04,5.048721234076909425e-01
3.600000000000000000e+21,1.097500000100169382e+04,5.069949529133503940e-01
3.650000000000000000e+21,1.096000000100166471e+04,5.090972429843102498e-01
3.700000000000000000e+21,1.094500000100163743e+04,5.111794695668467892e-01
3.750000000000000000e+21,1.093033333433494408e+04,5.132420914986141058e-01
3.800000000000000000e+21,1.091600000100158286e+04,5.152855511095619789e-01
3.850000000000000000e+21,1.090166666766822345e+04,5.173102750322859933e-01
3.900000000000000000e+21,1.088766666766819799e+04,5.193166751159526973e-01
3.950000000000000000e+21,1.087366666766817070e+04,5.213051489052690224e-01
4.000000000000000000e+21,1.086000000100147918e+04,5.232760805337545174e-01
4.050000000000000000e+21,1.084666666766812159e+04,5.252298411666023181e-01
4.100000000000000000e+21,1.083333333433476218e+04,5.271667895893267231e-01
4.150000000000000000e+21,1.082033333433473854e+04,5.290872729341561387e-01
4.200000000000000000e+21,1.080733333433471489e+04,5.309916269942898115e-01
4.250000000000000000e+21,1.079433333433468943e+04,5.328801768404961559e-01
4.300000000000000000e+21,1.078200000100133366e+04,5.347532373951350282e-01
4.350000000000000000e+21,1.076933333433464395e+04,5.366111134501198032e-01
4.400000000000000000e+21,1.075700000100128636e+04,5.384541006355161308e-01
4.450000000000000000e+21,1.074500000100126454e+04,5.402824854600210003e-01
4.500000000000000000e+21,1.073300000100124271e+04,5.420965457022468570e-01
4.550000000000000000e+21,1.072100000100122088e+04,5.438965508988659048e-01
4.600000000000000000e+21,1.070933333433453117e+04,5.456827626829638955e-01
4.650000000000000000e+21,1.069766666766784329e+04,5.474554349080854587e-01
4.700000000000000000e+21,1.068633333433448934e+04,5.492148142288186818e-01
4.750000000000000524e+21,1.067500000100113539e+04,5.509611400898420941e-01
4.800000000000000000e+21,1.066400000100111356e+04,5.526946452946321919e-01
4.849999999999999476e+21,1.065300000100109355e+04,5.544155559987070658e-01
4.899999999999998951e+21,1.064200000100107354e+04,5.561240921543695315e-01
4.949999999999998427e+21,1.063100000100105171e+04,5.578204676462705791e-01
4.999999999999997903e+21,1.062033333433436565e+04,5.595048906392169341e-01
5.049999999999997379e+21,1.061000000100101352e+04,5.611775636193746530e-01
5.099999999999996854e+21,1.059933333433432745e+04,5.628386835605979632e-01
5.149999999999996330e+21,1.058900000100097350e+04,5.644884424823684022e-01
5.199999999999995806e+21,1.057900000100095531e+04,5.661270272670393400e-01
5.249999999999995281e+21,1.056866666766760318e+04,5.677546198426122182e-01
5.299999999999994757e+21,1.055866666766758499e+04,5.693713977104797319e-01
5.349999999999994233e+21,1.054900000100089892e+04,5.709775337428167896e-01
5.399999999999993709e+21,1.053900000100088073e+04,5.725731963675014802e-01
5.449999999999993184e+21,1.052933333433419648e+04,5.741585500158243871e-01
5.499999999999992660e+21,1.051966666766751223e+04,5.757337549051873005e-01
5.549999999999992136e+21,1.051033333433416192e+04,5.772989674449187092e-01
5.599999999999991611e+21,1.050066666766747585e+04,5.788543400821756224e-01
5.649999999999991087e+21,1.049133333433412554e+04,5.804000218247383769e-01
5.699999999999990563e+21,1.048233333433410917e+04,5.819361580209364559e-01
5.749999999999990039e+21,1.047300000100075886e+04,5.834628904657250814e-01
5.799999999999989514e+21,1.046400000100074067e+04,5.849803578685841554e-01
5.849999999999988990e+21,1.045500000100072430e+04,5.864886955449355455e-01
5.899999999999988466e+21,1.044600000100070793e+04,5.879880357522410117e-01
5.949999999999987941e+21,1.043733333433402549e+04,5.894785078125819311e-01
5.999999999999987417e+21,1.042866666766734306e+04,5.909602379655199966e-01
6.049999999999986893e+21,1.042000000100065881e+04,5.924333497074442123e-01
6.099999999999986369e+21,1.041133333433397638e+04,5.938979637740279260e-01
6.149999999999985844e+21,1.040300000100062789e+04,5.953541982942849309e-01
6.199999999999985320e+21,1.039433333433394546e+04,5.968021686471433052e-01
6.249999999999984796e+21,1.038600000100059697e+04,5.982419879309677224e-01
6.299999999999984271e+21,1.037766666766724666e+04,5.996737666250684384e-01
6.349999999999983747e+21,1.036966666766723210e+04,6.010976129997888107e-01
6.399999999999983223e+21,1.036133333433388361e+04,6.025136327871298825e-01
6.449999999999982698e+21,1.035333333433386906e+04,6.039219298117964874e-01
6.499999999999982174e+21,1.034533333433385451e+04,6.053226054887694829e-01
6.549999999999981650e+21,1.033766666766717208e+04,6.067157592834850899e-01
6.599999999999981126e+21,1.032966666766715753e+04,6.081014884373068252e-01
6.649999999999980601e+21,1.032200000100047691e+04,6.094798884204739586e-01
6.699999999999980077e+21,1.031400000100046236e+04,6.108510525613671804e-01
6.749999999999979553e+21,1.030633333433378175e+04,6.122150725444349684e-01
6.799999999999979028e+21,1.029900000100043326e+04,6.135720381037823579e-01
6.849999999999978504e+21,1.029133333433375265e+04,6.149220370689616466e-01
6.899999999999977980e+21,1.028366666766707203e+04,6.162651557084015685e-01
6.949999999999977456e+21,1.027633333433372536e+04,6.176014786721881755e-01
6.999999999999976931e+21,1.026900000100037869e+04,6.189310887720762544e-01
7.049999999999976407e+21,1.026166666766703202e+04,6.202540673233625235e-01
7.099999999999975883e+21,1.025433333433368352e+04,6.215704940804117618e-01
7.149999999999975358e+21,1.024733333433367079e+04,6.228804473811208053e-01
7.199999999999974834e+21,1.024000000100032412e+04,6.241840038221081466e-01
7.249999999999974310e+21,1.023300000100031139e+04,6.254812389141597428e-01
7.299999999999973786e+21,1.022600000100029865e+04,6.267722265000662540e-01
7.349999999999973261e+21,1.021900000100028592e+04,6.280570391555228005e-01
7.399999999999972737e+21,1.021200000100027137e+04,6.293357481198451620e-01
7.449999999999972213e+21,1.020533333433359257e+04,6.306084234265707522e-01
7.499999999999971688e+21,1.019833333433357984e+04,6.318751335936120261e-01
7.549999999999971164e+21,1.019166666766690105e+04,6.331359462272543315e-01
7.599999999999970640e+21,1.018500000100022226e+04,6.343909274872289172e-01
7.649999999999970116e+21,1.017833333433354346e+04,6.356401424503502762e-01
7.699999999999969591e+21,1.017166666766686285e+04,6.368836550422056764e-01
7.749999999999969067e+21,1.016500000100018406e+04,6.381215280648401267e-01
7.799999999999968543e+21,1.015866666766683920e+04,6.393538233009431471e-01
7.849999999999968018e+21,1.015200000100016041e+04,6.405806012776585900e-01
7.899999999999967494e+21,1.014566666766681556e+04,6.418019217215295003e-01
7.949999999999966970e+21,1.013933333433347070e+04,6.430178431580159115e-01
7.999999999999966446e+21,1.013266666766679191e+04,6.442284231211484746e-01
8.049999999999965921e+21,1.012666666766677918e+04,6.454337184610899891e-01
8.099999999999965397e+21,1.012033333433343432e+04,6.466337846383344301e-01
8.149999999999964873e+21,1.011400000100008947e+04,6.478286764734719760e-01
8.199999999999964348e+21,1.010766666766674462e+04,6.490184478063306672e-01
8.249999999999963824e+21,1.010166666766673370e+04,6.502031517168739283e-01
8.299999999999963300e+21,1.009566666766672279e+04,6.513828401930450429e-01
8.349999999999962776e+21,1.008966666766671005e+04,6.525575644999418445e-01
8.399999999999962251e+21,1.008366666766669914e+04,6.537273750714849285e-01
8.449999999999961727e+21,1.007766666766668823e+04,6.548923215316176938e-01
8.499999999999961203e+21,1.007166666766667731e+04,6.560524527047743026e-01
8.549999999999960678e+21,1.006566666766666640e+04,6.572078166400409094e-01
8.599999999999960154e+21,1.005966666766665548e+04,6.583584606258586769e-01
8.649999999999959630e+21,1.005400000099997851e+04,6.595044313245601586e-01
8.699999999999959106e+21,1.004833333433329972e+04,6.606457744550235933e-01
8.749999999999958581e+21,1.004233333433328880e+04,6.617825350937112105e-01
8.799999999999958057e+21,1.003666666766661183e+04,6.629147578052219103e-01
8.849999999999957533e+21,1.003100000099993485e+04,6.640424862580154297e-01
8.899999999999957008e+21,1.002533333433325788e+04,6.651657635341129415e-01
8.949999999999956484e+21,1.001966666766658091e+04,6.662846320601547578e-01
8.999999999999955960e+21,1.001433333433323787e+04,6.673991337022492365e-01
9.049999999999955436e+21,1.000866666766656090e+04,6.685093094897845978e-01
9.099999999999954911e+21,1.000300000099988210e+04,6.696152000173870578e-01
9.149999999999954387e+21,9.997666667666539070e+03,6.707168453429837029e-01
9.199999999999953863e+21,9.992333334333196035e+03,6.718142847236293624e-01
9.249999999999953338e+21,9.986666667666519061e+03,6.729075568919828942e-01
9.299999999999952814e+21,9.981333334333176026e+03,6.739967002160324183e-01
9.349999999999952290e+21,9.976000000999832992e+03,6.750817522799656967e-01
9.399999999999951766e+21,9.970666667666489957e+03,6.761627502092597553e-01
9.449999999999951241e+21,9.965333334333145103e+03,6.772397305946374901e-01
9.499999999999950717e+21,9.960333334333136008e+03,6.783127295861050010e-01
9.549999999999950193e+21,9.955000000999792974e+03,6.793817826014865169e-01
9.599999999999949668e+21,9.949666667666449939e+03,6.804469247476367944e-01
9.649999999999949144e+21,9.944666667666440844e+03,6.815081906870296136e-01
9.699999999999948620e+21,9.939333334333097810e+03,6.825656143314446922e-01
9.749999999999948095e+21,9.934333334333088715e+03,6.836192294659696467e-01
9.799999999999947571e+21,9.929333334333079620e+03,6.846690691352745883e-01
9.849999999999947047e+21,9.924333334333070525e+03,6.857151660333946630e-01
9.899999999999946523e+21,9.919333334333059611e+03,6.867575524049219782e-01
9.949999999999945998e+21,9.914333334333050516e+03,6.877962600551266181e-01
9.999999999999945474e+21,9.909333334333041421e+03,6.888313203544801366e-01
# , 0.001, 333.3333333333333, 51000, 1, 1e+22, 200, 1.7279385694678176e-22, 1.6666666666666667
