# Fri Mar 10 18:07:43 2023
9.000000000000000460e+29,1.742501391190675619e+01,2.027527065530773664e-02
2.890999999999999947e+30,1.550774748993127616e+01,2.877396103025844920e-02
4.882000000000000130e+30,1.471757954668122892e+01,3.367094632071176985e-02
6.873000000000000313e+30,1.422270247229561591e+01,3.730894458780615458e-02
8.863999999999999933e+30,1.387238514883321550e+01,4.026653128218273675e-02
1.085500000000000068e+31,1.358865255789431181e+01,4.279092777720579915e-02
1.284600000000000142e+31,1.335708100002243803e+01,4.500780591588424834e-02
1.483700000000000217e+31,1.316794439465105881e+01,4.699511655556910805e-02
1.682800000000000292e+31,1.300470357840166535e+01,4.880333054391787495e-02
1.881900000000000366e+31,1.285610408790981829e+01,5.046720871002620401e-02
2.081000000000000216e+31,1.272695282034364439e+01,5.201450045195161326e-02
2.280100000000000065e+31,1.261882552366232169e+01,5.345990255148024700e-02
2.479199999999999914e+31,1.250921399691378610e+01,5.481936584189999601e-02
2.678299999999999764e+31,1.241381255610251522e+01,5.610389213939649677e-02
2.877399999999999613e+31,1.232579504350247568e+01,5.732311972676793627e-02
3.076499999999999463e+31,1.223909906026699979e+01,5.848453679428990831e-02
3.275599999999999312e+31,1.216333401791218805e+01,5.959439961739420449e-02
3.474699999999999161e+31,1.209243817772478025e+01,6.065791125880232865e-02
3.673799999999999011e+31,1.202585360250649771e+01,6.167950359678892741e-02
3.872899999999998860e+31,1.196307534628461866e+01,6.266297709753322620e-02
4.071999999999998710e+31,1.190361468004169332e+01,6.361162408224722842e-02
4.271099999999999009e+31,1.185421475725883589e+01,6.452834578460567294e-02
4.470199999999999309e+31,1.179314969120422596e+01,6.541933363426953585e-02
4.669299999999999609e+31,1.174187552028817549e+01,6.628024903191796768e-02
4.868399999999999909e+31,1.169282295287799123e+01,6.711575162223962221e-02
5.067500000000000208e+31,1.164370553242977735e+01,6.792738642042557562e-02
5.266600000000000508e+31,1.160100518408880887e+01,6.871675458139575587e-02
5.465700000000000808e+31,1.156061792467529692e+01,6.948711003172168554e-02
5.664800000000001108e+31,1.151483558592471290e+01,7.023667690810030118e-02
5.863900000000001407e+31,1.147550044931811897e+01,7.096802315836847619e-02
6.063000000000001707e+31,1.143751430924590196e+01,7.168216770477171818e-02
6.262100000000002007e+31,1.140086356190392003e+01,7.238006002537615557e-02
6.461200000000002307e+31,1.136546680266306275e+01,7.306256862276108710e-02
6.660300000000002607e+31,1.133124414571739536e+01,7.373049046915514104e-02
6.859400000000002906e+31,1.129812300941160785e+01,7.438455887277860279e-02
7.058500000000003206e+31,1.127017979463525776e+01,7.502546607183520344e-02
7.257600000000003506e+31,1.123492650821715166e+01,7.565379003234114219e-02
7.456700000000003806e+31,1.120473542894823993e+01,7.627015776241800882e-02
7.655800000000004105e+31,1.118232700690271741e+01,7.687511338967503716e-02
7.854900000000004405e+31,1.115076988181619910e+01,7.746910644300324111e-02
8.054000000000004705e+31,1.111919269723354375e+01,7.805262697021711493e-02
8.253100000000004104e+31,1.109221159929280809e+01,7.862613130968500175e-02
8.452200000000003503e+31,1.106593339131424436e+01,7.919001336362878340e-02
8.651300000000002902e+31,1.104032413375951016e+01,7.974465541485192821e-02
8.850400000000002301e+31,1.101069858508641630e+01,8.029039231270036769e-02
9.049500000000001700e+31,1.099098899970035248e+01,8.082763330442377381e-02
9.248600000000001099e+31,1.096720694025018084e+01,8.135662405749509440e-02
9.447700000000000498e+31,1.093953149270678971e+01,8.187771826964063138e-02
9.646799999999999897e+31,1.091687315386161039e+01,8.239126762399792692e-02
9.845899999999999296e+31,1.089472051480125891e+01,8.289744089779284286e-02
1.004499999999999870e+32,1.087299835195861597e+01,8.339649036190184550e-02
1.024409999999999809e+32,1.085174717239037712e+01,8.388865567681358382e-02
1.044319999999999749e+32,1.084265942319018095e+01,8.437420247711178989e-02
1.064229999999999689e+32,1.081793378259827065e+01,8.485326106275734026e-02
1.084139999999999629e+32,1.079064714306117878e+01,8.532606123606804871e-02
1.104049999999999569e+32,1.077111355453518193e+01,8.579285084417241636e-02
1.123959999999999509e+32,1.075197367207263532e+01,8.625378581541473522e-02
1.143869999999999449e+32,1.073321546148384797e+01,8.670904403553418571e-02
1.163779999999999389e+32,1.071482799475009173e+01,8.715879562284822857e-02
1.183689999999999329e+32,1.069622678759091094e+01,8.760979852571389170e-02
1.203599999999999269e+32,1.067840995387842895e+01,8.804955076616585719e-02
1.223509999999999208e+32,1.066090928260463855e+01,8.848423034080712957e-02
1.243419999999999148e+32,1.064804992001893602e+01,8.891400088362480525e-02
1.263329999999999088e+32,1.062681201860237401e+01,8.933892317148268980e-02
1.283239999999999028e+32,1.061019444120478994e+01,8.975919768327338122e-02
1.303149999999998968e+32,1.059385096391303094e+01,9.017492271257186720e-02
1.323059999999998908e+32,1.057777210222118747e+01,9.058621577560735383e-02
1.342969999999998848e+32,1.056194868203212955e+01,9.099318967361008648e-02
1.362879999999998788e+32,1.054637177662225511e+01,9.139595276025304360e-02
1.382789999999998728e+32,1.053103262764440551e+01,9.179460919660588358e-02
1.402699999999998668e+32,1.052373680944087297e+01,9.218930044571969906e-02
1.422609999999998608e+32,1.050548953379129991e+01,9.258002722079573810e-02
1.442519999999998547e+32,1.049083563799417362e+01,9.296695108843125444e-02
1.462429999999998487e+32,1.047982349402574442e+01,9.335016297136146390e-02
1.482339999999998427e+32,1.046022413334578438e+01,9.372926052209863690e-02
1.502249999999998367e+32,1.044694409283259162e+01,9.410496717863131577e-02
1.522159999999998307e+32,1.043718409653379808e+01,9.447712697906861246e-02
1.542069999999998247e+32,1.041641368986202387e+01,9.484509244874575473e-02
1.561979999999998187e+32,1.040957782309488877e+01,9.521385772505015777e-02
1.581889999999998127e+32,1.039645346638996060e+01,9.557620660128432477e-02
1.601799999999998067e+32,1.037959859124372741e+01,9.593535206795443526e-02
1.621709999999998007e+32,1.036685569615453417e+01,9.629140424739837667e-02
1.641619999999997946e+32,1.035428328308885426e+01,9.664440613908778510e-02
1.661529999999997886e+32,1.034187703682742132e+01,9.699442034363892073e-02
1.681439999999997826e+32,1.032963280142772433e+01,9.734150744478745065e-02
1.701349999999997766e+32,1.031754657254364460e+01,9.768572609739491208e-02
1.721259999999997706e+32,1.030561449020054354e+01,9.802713311063571133e-02
1.741169999999997646e+32,1.029756829329357792e+01,9.836580359366348114e-02
1.761079999999997586e+32,1.028590981440341778e+01,9.870175056955256265e-02
1.780989999999997526e+32,1.027439501689966050e+01,9.903504602817242430e-02
1.800899999999997466e+32,1.025934411908556676e+01,9.936572057999273899e-02
1.820809999999997406e+32,1.024811094434788217e+01,9.969386210568677298e-02
1.840719999999997345e+32,1.023701169572822600e+01,1.000194982158821438e-01
1.860629999999997285e+32,1.022965713174779800e+01,1.003426939425739739e-01
1.880539999999997225e+32,1.021520297359635876e+01,1.006634363669742238e-01
1.900449999999997165e+32,1.020448774374980516e+01,1.009818262471526562e-01
1.920359999999997105e+32,1.019389491896908595e+01,1.012978864909449689e-01
1.940269999999997045e+32,1.018342184789899285e+01,1.016116579906346656e-01
1.960179999999996985e+32,1.017306596311395417e+01,1.019231805097334659e-01
1.980089999999996925e+32,1.016282477764483971e+01,1.022324927252590970e-01
1.999999999999996865e+32,1.015885214012582871e+01,1.025396598708285811e-01
# , 0.0001, 0.025, 1000000, 9e+29, 2e+32, 100, 9.397693607826516e-26, 1.6666666666666667
