# Sun Apr 23 23:24:59 2023
1.000000000000000087e-07,9.999999999999999547e-07,1.619999999999999921e+42
1.000000000000001675e-07,1.004913854587325295e+00,1.619999999999999921e+42
1.000000000000003131e-07,2.018522089419711119e+00,1.619999999999999921e+42
1.000000000000018087e-07,1.215460443774373367e+01,1.619999999999999921e+42
1.000000000000167111e-07,1.135154279210005654e+02,1.619999999999999921e+42
1.000000000001657889e-07,1.127123662755230953e+03,1.619999999999999921e+42
1.000000000016565669e-07,1.126320601126375550e+04,1.619999999999999921e+42
1.000000000165643468e-07,1.126240295129706938e+05,1.619999999999999921e+42
1.000000001656421455e-07,1.126232266192211304e+06,1.619999999999999921e+42
1.000000016564201327e-07,1.126231479920175299e+07,1.619999999999999612e+42
1.000000165642000044e-07,1.126231567510115057e+08,1.619999999999998064e+42
1.000001656419987211e-07,1.126233238441456079e+09,1.619999999999981661e+42
1.000016564199858887e-07,1.126250027349745560e+10,1.619999999999819182e+42
1.000165641998575644e-07,1.126417933560464478e+11,1.619999999998192838e+42
1.001656419985743212e-07,1.128097914213955566e+12,1.619999999981877098e+42
1.016564199857418898e-07,1.144989495955309570e+13,1.619999999813434930e+42
1.165641998574175758e-07,1.323082826071033906e+14,1.619999997637622232e+42
2.656419985741744487e-07,4.021767396652635000e+15,1.619999940747413359e+42
1.756419985741743363e-06,1.227835885508008192e+18,1.619996656544610124e+42
1.221591195135497462e-05,4.131304055805359555e+20,1.619837256988988190e+42
4.562964841547253271e-05,2.151354885942854392e+22,1.617731012678008400e+42
1.205865795325435910e-04,3.950809301657465924e+23,1.604239319460872967e+42
2.572257966982854460e-04,3.756274512743012002e+24,1.549873579529889999e+42
4.738905579926904420e-04,2.207681011371619312e+25,1.397425166207547303e+42
7.837614553342631390e-04,8.651318803294041431e+25,1.098583024629248946e+42
1.197262107538072133e-03,2.364080253704183610e+26,7.040871871416533007e+41
1.732703283336458396e-03,4.780516319171236101e+26,3.624659960235923337e+41
2.360312465043112786e-03,7.504871145905599586e+26,1.733643501405734550e+41
3.050141721059722484e-03,1.009387921821142306e+27,8.889694376903125225e+40
3.893338625639595780e-03,1.281874294588154407e+27,4.747028069524883526e+40
4.978501634923282980e-03,1.592463778602687293e+27,2.617350359797705723e+40
6.419668793784735761e-03,1.972893079848459423e+27,1.480147068134552105e+40
8.364661500859831705e-03,2.466952811636297549e+27,8.534743207042690948e+39
1.100554192317953692e-02,3.136810748842148994e+27,4.983205420031042136e+39
1.458789015001915601e-02,4.068391967342178573e+27,2.923628094744526909e+39
1.942068963403689383e-02,5.374177706718536775e+27,1.711152446257684823e+39
2.588851945503833560e-02,7.191941454637749851e+27,9.938273119568737455e+38
3.447113176935463069e-02,9.681396661068158481e+27,5.713816498689878290e+38
4.577739321896111963e-02,1.302481259179737712e+28,3.252612224329502508e+38
6.059961340331797980e-02,1.743816587875647136e+28,1.836603123877410548e+38
7.998995580726062093e-02,2.319482196584075219e+28,1.030805919236000374e+38
1.053571072535587350e-01,3.065882391079011384e+28,5.758648301413311830e+37
1.385821407011748052e-01,4.032393375539045932e+28,3.203069902869609909e+37
1.821554186358485539e-01,5.285597106536041646e+28,1.772236676795238771e+37
2.393374902074935084e-01,6.913585990383030239e+28,9.734586911403511495e+36
3.143448770419610683e-01,9.029742855668110556e+28,5.292440314970910020e+36
4.125560009436757269e-01,1.177471090662101070e+29,2.836878335615529932e+36
5.407209799623856616e-01,1.531415235779677622e+29,1.492026885173791601e+36
7.071358353933353547e-01,1.982821704405200700e+29,7.654749798986688095e+35
9.216956212374779467e-01,2.548639958166010302e+29,3.804123186201889038e+35
1.195651414624834707e+00,3.239934153135245902e+29,1.815829092786100159e+35
1.540724432358897111e+00,4.053969240763360597e+29,8.241472601049589587e+34
1.809612566086922891e+00,4.092445678218187368e+29,7.484688431188573176e+34
2.078500699814948671e+00,4.824044459592128417e+29,5.082825678282721238e+34
2.346981303757716297e+00,5.587576154342271653e+29,3.399146049397600286e+34
2.837651765304209039e+00,6.871826230580182633e+29,1.616269417418345922e+34
3.328322226850702226e+00,7.963569008251280926e+29,7.543953047931496484e+33
3.533766144800184250e+00,8.357483187466878366e+29,5.435160100684375102e+33
3.739210062749666275e+00,8.713718284161553087e+29,3.886759330856481844e+33
3.902056661497903534e+00,8.969610453475179684e+29,2.960027955930181721e+33
4.064903260246140348e+00,9.202528675057418247e+29,2.238278102526006095e+33
4.292045173240128797e+00,9.490097159955100216e+29,1.493616742201010781e+33
4.519187086234116357e+00,9.735886329594837095e+29,9.753147837747255942e+32
4.550209623488407296e+00,9.765125224556626424e+29,9.203528853927582159e+32
4.580064201129781409e+00,9.793769237027563420e+29,8.681163093524167189e+32
4.878609977543520770e+00,1.004404789403192945e+30,4.684858098769523553e+32
4.995293858323952563e+00,1.012476970873408010e+30,3.609946944781326438e+32
5.111977739104385243e+00,1.019643434260679952e+30,2.742893077780880946e+32
5.319014125119462477e+00,1.030249764319814153e+30,1.613138532112721071e+32
5.526050511134539711e+00,1.038353697860113736e+30,8.796084430349018134e+31
5.975138599603342371e+00,1.049264528212622197e+30,9.653989372172455868e+30
6.120399086303553560e+00,1.050397520262294638e+30,3.227461329909604442e+30
6.230125678670987988e+00,1.050843047004955169e+30,9.227591113489505004e+29
6.294321284135711458e+00,1.050972513575063430e+30,2.942872680026367350e+29
6.326316648148067934e+00,1.051007990110642721e+30,1.280261141160162265e+29
6.358312012160423521e+00,1.051027797003483226e+30,3.719923536767073100e+28
6.374448922510628002e+00,1.051032896843643190e+30,1.421751036042228988e+28
6.384302265404774523e+00,1.051034704560969054e+30,6.145833837969608446e+27
6.394155608298921045e+00,1.051035699066523944e+30,1.734604759356319218e+27
6.398944912670843976e+00,1.051035941841080094e+30,6.634333874343044148e+26
6.401844268249736736e+00,1.051036027061541514e+30,2.884405774487511365e+26
6.404743623828630383e+00,1.051036074040186034e+30,8.212396481730539910e+25
6.405977135310990889e+00,1.051036084746880111e+30,3.517403092896750472e+25
6.407184187000400932e+00,1.051036090891676448e+30,8.251018119367689262e+24
6.407759585130352598e+00,1.051036092352681744e+30,1.853856665752646141e+24
6.407822918100210430e+00,1.051036092402719832e+30,1.634806107765593808e+24
6.407885808620275014e+00,1.051036092436475578e+30,1.487040563680256859e+24
6.408209124794356448e+00,1.051036092610022071e+30,7.274441158122980550e+23
6.408338964854216613e+00,1.051036092679721327e+30,4.224256926809552312e+23
6.408454405088306771e+00,1.051036092722059245e+30,2.371593735332214572e+23
6.408559484047919419e+00,1.051036092739586410e+30,1.604688653476104682e+23
6.408738540904558079e+00,1.051036092722487509e+30,2.352759954241359593e+23
6.408810212182402211e+00,1.051036092713757703e+30,2.734660074544339123e+23
6.408847760003663296e+00,1.051036092709184157e+30,2.934729258427436059e+23
6.408862606681627661e+00,1.051036092707375680e+30,3.013837246473659902e+23
6.408867139525222356e+00,1.051036092706823567e+30,3.037989638784241631e+23
6.408871672368817052e+00,1.051036092707643785e+30,3.002109494676434652e+23
6.408875884885078200e+00,1.051036092707130656e+30,3.024555012816462393e+23
6.408887728220610924e+00,1.051036092709192742e+30,2.934351092377806543e+23
6.408899571556144537e+00,1.051036092707750183e+30,2.997455406192934886e+23
6.408931481822165210e+00,1.051036092713306217e+30,2.754415634089399477e+23
6.408960668426293417e+00,1.051036092709751048e+30,2.909926452751699165e+23
6.408984327793876723e+00,1.051036092706869025e+30,3.035985995042662142e+23
6.408986203263440373e+00,1.051036092708461470e+30,2.966330983353897808e+23
6.408988078733003135e+00,1.051036092708233053e+30,2.976323625017462468e+23
6.408998381610818917e+00,1.051036092706978097e+30,3.031217996685917007e+23
6.409002758824748902e+00,1.051036092710694833e+30,2.868648978719086981e+23
6.409007136038677999e+00,1.051036092710161579e+30,2.891970960445317809e+23
6.409027316581845213e+00,1.051036092707703317e+30,2.999493240048861661e+23
6.409034021884624899e+00,1.051036092706886477e+30,3.035219022029816091e+23
6.409036614807752663e+00,1.051036092709088174e+30,2.938919499274784573e+23
6.409039207730880428e+00,1.051036092708772359e+30,2.952734534567131108e+23
6.409052537202041044e+00,1.051036092707148671e+30,3.023753433879151683e+23
6.409054444866170819e+00,1.051036092709191194e+30,2.934413504807216674e+23
6.409056187396195980e+00,1.051036092709751470e+30,2.909906405234827571e+23
6.409073612696444044e+00,1.051036092715354511e+30,2.664836319453460719e+23
6.409247865698922020e+00,1.051036092771386608e+30,2.142264524685713605e+22
6.409262782074829801e+00,1.051036092768583540e+30,3.368124057336952337e+22
6.409276355750787246e+00,1.051036092765339259e+30,4.786935328381228548e+22
6.409412092510362591e+00,1.051036092732895468e+30,1.897463770640439040e+23
6.409437500228926332e+00,1.051036092733501906e+30,1.870945640836547404e+23
6.409462907947490073e+00,1.051036092734778254e+30,1.815136152464517434e+23
6.409716985133126599e+00,1.051036092747541597e+30,1.257071479472483719e+23
6.412257756989491853e+00,1.051036092875231312e+30,-4.320555833966596152e+23
6.412400267674353671e+00,1.051036092788819761e+30,-5.493588420848621139e+22
6.412419666129348883e+00,1.051036092787629966e+30,-4.974363138514176967e+22
6.412437485533684089e+00,1.051036092787628700e+30,-4.973813283137664739e+22
6.412615679577029937e+00,1.051036092787616174e+30,-4.968314938005211054e+22
6.414397620010496404e+00,1.051036092787490636e+30,-4.913352341928842101e+22
6.432217024345155743e+00,1.051036092786231458e+30,-4.365803917932306943e+22
6.500000000000000000e+00,1.051036092781377704e+30,-2.316928422055038157e+22
# , 0.0001, 1.62e+42, 1e+46, 20
